67
68
37
37
87
8
48
55
100
84
60
36
86
14
71
93
84
67
99
91
66
13
28
3
34
66
98
80
43
8
34
34
68
45
8
50
23
44
60
83
19
5
10
3
98
9
46
94
67
6
43
35
39
26
47
28
79
11
30
79
80
53
5
99
33
55
51
84
69
8
70
24
73
9
85
90
1
93
38
33
92
12
38
73
40
4
63
69
18
99
0
5
70
12
1
96
30
84
7
41
19
17
64
38
31
98
1
15
86
67
55
77
46
8
70
65
40
24
45
71
43
23
14
39
27
89
31
41
48
1
74
10
19
2
89
14
83
27
16
46
42
55
59
14
27
44
2
20
55
66
80
30
37
22
95
41
90
54
89
78
44
12
100
70
68
7
33
30
34
69
42
16
63
38
57
71
57
22
4
42
38
80
6
54
42
98
98
22
82
34
7
76
3
9
10
37
46
15
53
29
45
37
90
7
74
31
17
94
85
61
53
39
22
9
35
56
98
18
30
79
8
92
47
48
33
14
43
82
23
88
31
93
60
53
22
63
8
89
55
32
62
80
28
26
90
19
88
25
67
21
19
91
48
90
90
41
74
6
35
12
48
94
28
2
0
73
64
89
19
11
92
98
60
52
36
13
14
57
42
33
8
68
88
38
68
16
88
80
72
84
12
35
31
13
38
7
100
68
7
32
64
51
49
25
46
17
79
6
8
17
80
98
50
100
85
85
24
72
86
85
99
10
67
45
36
38
12
98
93
47
34
36
42
46
48
71
15
61
32
62
49
34
7
4
56
41
51
44
100
69
66
88
11
12
6
71
98
35
0
42
15
69
11
14
34
33
10
92
93
89
65
86
20
15
37
34
86
9
12
21
4
86
28
8
66
32
37
68
12
35
41
16
18
15
24
19
73
63
49
47
31
67
92
31
18
90
47
92
80
98
17
29
27
96
89
20
28
72
90
53
28
51
5
98
55
42
81
41
33
9
65
27
34
91
27
17
35
71
4
44
45
59
14
94
29
10
15
56
80
26
57
42
21
45
48
35
17
96
44
83
71
82
88
78
35
43
51
17
38
47
66
3
66
29
73
10
59
22
85
44
29
66
82
48
81
40
84
85
79
8
2
12
2
26
72
87
73
24
16
50
20
33
47
90
93
37
53
42
31
77
40
52
55
51
26
84
50
67
52
68
28
36
18
8
5
66
92
14
25
34
80
45
94
98
40
12
85
71
42
42
90
8
84
21
84
63
87
63
84
77
70
34
89
1
15
61
78
67
17
39
59
25
48
53
67
37
84
58
56
38
73
29
41
52
84
39
80
48
93
52
16
100
66
8
23
11
41
35
96
93
56
77
35
81
86
95
99
2
47
13
80
77
50
18
18
62
43
93
80
39
33
25
72
58
95
6
88
60
58
16
55
62
7
24
8
67
5
20
76
88
44
33
74
81
57
34
48
33
44
57
70
83
66
18
65
28
87
13
38
98
45
4
96
86
6
38
44
54
90
54
64
18
81
45
100
78
52
6
37
57
32
56
85
59
24
79
31
92
0
57
73
39
3
24
86
28
69
16
14
34
52
5
8
11
78
45
31
95
20
48
7
93
59
53
24
74
42
64
41
2
65
32
78
16
78
89
73
76
58
88
69
71
13
85
21
37
31
59
76
81
52
16
60
61
53
17
83
47
48
46
50
18
30
16
63
59
87
37
44
31
82
49
2
85
66
78
35
90
41
29
50
42
23
12
7
34
50
67
6
47
82
37
87
82
34
88
34
98
70
60
62
63
75
85
95
6
43
15
57
45
74
29
31
93
39
99
10
34
95
78
66
15
31
40
79
33
21
93
35
62
86
12
11
17
26
72
40
9
34
5
91
5
47
79
89
38
21
66
45
36
70
69
76
73
67
67
46
1
78
53
10
29
55
51
91
83
68
16
66
96
60
54
92
2
49
19
41
50
3
68
1
90
68
25
81
7
86
61
79
71
91
70
96
2
25
59
88
69
98
3
29
97
2
50
29
69
65
34
77
49
52
48
80
51
97
37
40
4
4
19
81
12
57
10
9
96
81
59
51
45
47
52
80
5
11
54
10
70
98
34
21
84
2
81
66
13
82
98
43
98
85
89
62
65
21
53
13
98
87
69
84
18
39
72
100
43
67
18
97
1
51
20
27
68
37
84
99
42
52
64
47
70
52
42
11
19
98
48
86
40
54
68
26
49
14
35
63
70
12
11
75
93
19
78
2
7
27
7
0
26
6
35
16
81
11
88
91
29
7
76
20
79
55
80
89
16
81
86
10
31
53
62
66
98
82
44
56
89
7
40
41
26
100
35
91
35
53
22
35
75
67
4
85
0
14
61
82
27
32
73
95
83
18
86
47
55
100
74
13
15
38
78
90
45
51
25
100
39
3
30
57
29
66
84
16
6
45
54
41
18
77
27
81
14
23
78
36
11
54
37
13
55
18
96
73
62
88
12
14
74
50
23
35
48
89
63
100
85
41
92
39
4
26
11
33
45
45
34
24
55
24
69
53
72
51
6
10
0
91
5
41
32
60
51
5
98
12
50
8
93
25
92
11
26
39
59
22
93
62
19
97
34
29
71
86
76
97
83
49
45
27
29
25
46
74
51
27
84
41
87
91
66
35
82
91
1
98
50
29
93
35
63
19
60
17
80
60
91
34
90
3
1
64
64
39
8
77
25
63
40
10
98
25
39
90
43
16
59
87
16
48
9
4
16
46
28
7
58
56
35
78
88
70
91
81
50
77
41
91
2
92
60
62
62
67
54
81
68
25
93
26
78
29
45
51
36
64
30
53
4
71
25
84
9
31
84
37
81
74
100
87
60
8
54
54
6
54
43
72
19
14
33
94
50
30
90
30
20
31
34
86
59
91
80
49
99
85
44
94
60
53
90
51
66
42
18
39
52
86
7
69
15
66
80
13
91
67
99
39
87
19
22
12
82
54
89
85
74
71
77
91
94
80
8
56
11
3
48
87
33
42
84
40
9
77
18
68
81
55
3
69
48
20
76
27
94
75
76
55
69
43
92
19
100
60
31
98
93
62
12
10
93
83
82
84
7
69
48
52
37
90
25
100
67
8
12
79
11
55
1
93
2
6
2
55
19
69
56
15
21
8
52
6
38
52
44
17
22
50
86
82
21
77
53
20
81
37
45
24
72
53
89
25
78
19
66
69
76
98
44
99
10
96
84
59
62
12
34
17
51
80
12
28
53
43
92
18
88
41
57
0
16
41
26
81
37
75
40
7
37
5
31
15
67
67
19
46
90
90
41
50
57
3
21
0
35
93
39
48
94
26
80
23
88
51
67
52
19
77
93
69
33
3
17
70
68
97
88
99
60
62
1
87
54
42
97
59
22
58
3
100
56
96
8
61
61
2
46
53
37
92
81
58
36
16
41
42
71
87
50
72
48
10
85
57
90
37
3
27
75
84
81
84
83
88
66
46
1
19
45
85
21
26
31
20
31
65
94
37
1
16
16
28
17
61
88
14
12
12
46
72
72
23
79
18
3
96
86
55
22
86
94
96
42
42
6
76
42
56
63
73
43
62
58
92
2
67
24
22
66
70
61
6
20
47
73
44
42
38
23
38
57
43
89
61
34
51
45
74
88
66
1
60
89
25
24
13
65
93
80
82
59
49
98
27
26
98
28
71
42
60
34
21
76
48
11
73
69
62
0
34
69
37
0
81
81
94
24
92
95
84
41
34
47
96
84
18
33
35
32
79
28
27
14
13
7
92
92
26
6
86
57
7
37
3
30
94
66
75
39
4
33
99
39
96
18
8
48
9
93
35
74
37
52
58
33
34
94
74
71
32
68
18
74
62
92
65
89
60
12
9
15
99
58
20
97
33
5
62
72
38
49
20
16
37
20
76
85
96
31
72
11
52
59
79
86
33
90
76
95
23
70
51
62
88
70
27
64
15
0
52
89
52
30
7
50
87
29
18
2
74
16
40
81
64
93
6
52
54
81
76
58
1
23
82
86
2
63
20
26
49
87
3
50
26
86
47
20
85
61
38
35
19
56
74
33
34
91
43
61
100
69
90
83
61
81
80
74
69
59
92
9
48
20
52
99
60
65
94
8
98
75
82
7
55
54
42
3
77
78
31
43
12
15
17
40
82
53
0
75
10
36
76
5
17
25
44
38
21
30
63
91
78
61
30
28
87
20
100
79
51
56
15
53
45
77
80
49
75
85
10
46
8
10
14
66
28
91
31
49
66
77
93
73
29
17
32
64
67
87
5
16
88
51
75
2
37
50
43
49
45
95
49
12
12
72
12
52
51
28
8
83
94
23
73
17
64
32
43
5
90
59
51
94
89
38
41
33
55
88
31
41
29
88
54
37
79
14
3
11
98
33
32
39
2
80
15
65
2
18
65
49
29
23
21
43
27
45
58
5
9
52
14
17
20
37
3
17
66
9
57
95
90
29
84
8
50
16
88
34
38
72
99
90
52
15
46
61
63
3
65
46
81
34
58
99
51
98
48
91
43
64
87
41
62
9
52
63
24
6
