67
68
37
37
87
8
48
55
100
84
60
36
86
14
71
93
84
67
99
91
66
13
28
3
34
66
98
80
43
8
34
34
68
45
8
50
23
44
60
83
19
5
10
3
98
9
46
94
67
6
43
35
39
26
47
28
79
11
30
79
80
53
5
99
33
55
51
84
69
8
70
24
73
9
85
90
1
93
38
33
92
12
38
73
40
4
63
69
18
99
0
5
70
12
1
96
30
84
7
41
19
17
64
38
31
98
1
15
86
67
55
77
46
8
70
65
40
24
45
71
43
23
14
39
27
89
31
41
48
1
74
10
19
2
89
14
83
27
16
46
42
55
59
14
27
44
2
20
55
66
80
30
37
22
95
41
90
54
89
78
44
12
100
70
68
7
33
30
34
69
42
16
63
38
57
71
57
22
4
42
38
80
6
54
42
98
98
22
82
34
7
76
3
9
10
37
46
15
53
29
